>> A=sparse(eye(5))

A =

   (1,1)        1
   (2,2)        1
   (3,3)        1
   (4,4)        1
   (5,5)        1

>> B=full(A)

B =

     1     0     0     0     0
     0     1     0     0     0
     0     0     1     0     0
     0     0     0     1     0
     0     0     0     0     1

>> whos
  Name      Size            Bytes  Class     Attributes

  A         5x5               128  double    sparse    
  B         5x5               200  double              

>> A=sparse([1,2,2],[2,1,4],[4,5,-7])

A =

   (2,1)        5
   (1,2)        4
   (2,4)       -7

>> B=full
错误使用 full
输入参数的数目不足。
 
>>  B=full(A)

B =

     0     4     0     0
     5     0     0    -7

>> A=[2,2,1;2,1,-1;2,4,3]

A =

     2     2     1
     2     1    -1
     2     4     3

>> B=spconvert(A)

B =

   (2,1)       -1
   (2,2)        1
   (2,4)        3
 
>> A=[11,0,0,12,0,0;0,21,0,0,22,0;0,0,31,0,0,32;41,0,0,42,0,0;0,51,0,0,52,0]

A =

    11     0     0    12     0     0
     0    21     0     0    22     0
     0     0    31     0     0    32
    41     0     0    42     0     0
     0    51     0     0    52     0

>> [B,d]=spdiags(A)

B =

     0    11    12
     0    21    22
     0    31    32
    41    42     0
    51    52     0


d =

    -3
     0
     3

>> A=spdiags(B,d,5,6)

A =

   (1,1)       11
   (4,1)       41
   (2,2)       21
   (5,2)       51
   (3,3)       31
   (1,4)       12
   (4,4)       42
   (2,5)       22
   (5,5)       52
   (3,6)       32

>> speye(3)

ans =

   (1,1)        1
   (2,2)        1
   (3,3)        1

>> kf1=[1;1;2;1;0]

kf1 =

     1
     1
     2
     1
     0

>> k0=[2;4;6;6;1]

k0 =

     2
     4
     6
     6
     1

>> k1=[0;3;1;4;2]

k1 =

     0
     3
     1
     4
     2

>> B=[kf1,k0,k1]

B =

     1     2     0
     1     4     3
     2     6     1
     1     6     4
     0     1     2

>> d=[-1;0;1]

d =

    -1
     0
     1

>> A=spdiags(B,d,5,5)

A =

   (1,1)        2
   (2,1)        1
   (1,2)        3
   (2,2)        4
   (3,2)        1
   (2,3)        1
   (3,3)        6
   (4,3)        2
   (3,4)        4
   (4,4)        6
   (5,4)        1
   (4,5)        2
   (5,5)        1

>> f=[0;3;2;1;5]

f =

     0
     3
     2
     1
     5

>> x=A\f

x =

   -0.1667
    0.1111
    2.7222
   -3.6111
    8.6111

